============================================================================================
ANSOFT                                                                              10/25/25
Terminal S Parameter Plot 3                                                         14:08:49

--------------------------------------------------------------------------------------------
       Freq [GHz]   dB(St(line0_filling1_T2,line_filling_T1)) []
                                                                
0.100000000000000                             -0.002994530456232
0.111125000000000                             -0.003691597615757
0.122250000000000                             -0.004459323283551
0.133375000000000                             -0.005296873476451
0.144500000000000                             -0.006203338545945
0.155625000000000                             -0.007177734212047
0.166750000000000                             -0.008219002680172
0.177875000000000                             -0.009326013839311
0.189000000000000                             -0.010497566539735
0.200125000000000                             -0.011732389948299
0.211250000000000                             -0.013029144979347
0.222375000000000                             -0.014386425799116
0.233500000000000                             -0.015802761401447
0.244625000000000                             -0.017276617252522
0.255750000000000                             -0.018806397002307
0.266875000000000                             -0.020390444260203
0.278000000000000                             -0.022027044432508
0.289125000000000                             -0.023714426619080
0.300250000000000                             -0.025450765566618
0.311375000000000                             -0.027234183675926
0.322500000000000                             -0.029062753060464
0.333625000000000                             -0.030934497653480
0.344750000000000                             -0.032847395360966
0.355875000000000                             -0.034799380257694
0.367000000000000                             -0.036788344823545
0.378125000000000                             -0.038812142217320
0.389250000000000                             -0.040868588585315
0.400375000000000                             -0.042955465401806
0.411500000000000                             -0.045070521838687
0.422625000000000                             -0.047211477161552
0.433750000000000                             -0.049376023149398
0.444875000000000                             -0.051561826535294
0.456000000000000                             -0.053766531465304
0.467125000000000                             -0.055987761973030
0.478250000000000                             -0.058223124467106
0.489375000000000                             -0.060470210229143
0.500500000000000                             -0.062726597919518
0.511625000000000                             -0.064989856088571
0.522750000000000                             -0.067257545690745
0.533875000000000                             -0.069527222599322
0.545000000000000                             -0.071796440119349
0.556125000000000                             -0.074062751496601
0.567250000000000                             -0.076323712420243
0.578375000000000                             -0.078576883517114
0.589500000000000                             -0.080819832835518
0.600625000000000                             -0.083050138316476
0.611750000000000                             -0.085265390250459
0.622875000000000                             -0.087463193717743
0.634000000000000                             -0.089641171010428
0.645125000000000                             -0.091796964034459
0.656250000000000                             -0.093928236689796
0.667375000000000                             -0.096032677227148
0.678500000000000                             -0.098108000579567
0.689625000000000                             -0.100151950667460
0.700750000000000                             -0.102162302675348
0.711875000000000                             -0.104136865299057
0.723000000000000                             -0.106073482961849
0.734125000000000                             -0.107970037998160
0.745250000000000                             -0.109824452803619
0.756375000000000                             -0.111634691950060
0.767500000000000                             -0.113398764264297
0.778625000000000                             -0.115114724869470
0.789750000000000                             -0.116780677187758
0.800875000000000                             -0.118394774903326
0.812000000000000                             -0.119955223884428
0.823125000000000                             -0.121460284063488
0.834250000000000                             -0.122908271274154
0.845375000000000                             -0.124297559044248
0.856500000000000                             -0.125626580343491
0.867625000000000                             -0.126893829285090
0.878750000000000                             -0.128097862780017
0.889875000000000                             -0.129237302143011
0.901000000000000                             -0.130310834649257
0.912125000000000                             -0.131317215040649
0.923250000000000                             -0.132255266980684
0.934375000000000                             -0.133123884456739
0.945500000000000                             -0.133922033128817
0.956625000000000                             -0.134648751623595
0.967750000000000                             -0.135303152772569
0.978875000000000                             -0.135884424793246
0.990000000000000                             -0.136391832412175
1.001125000000000                             -0.136824717928519
1.012250000000000                             -0.137182502217056
1.023375000000000                             -0.137464685669191
1.034500000000000                             -0.137670849070771
1.045625000000000                             -0.137800654415251
1.056750000000000                             -0.137853845650901
1.067875000000000                             -0.137830249360499
1.079000000000000                             -0.137729775372166
1.090125000000000                             -0.137552417299674
1.101250000000000                             -0.137298253010758
1.112375000000000                             -0.136967445021781
1.123500000000000                             -0.136560240817098
1.134625000000000                             -0.136076973091406
1.145750000000000                             -0.135518059913359
1.156875000000000                             -0.134884004808683
1.168000000000000                             -0.134175396760948
1.179125000000000                             -0.133392910128127
1.190250000000000                             -0.132537304473153
1.201375000000000                             -0.131609424306429
1.212500000000000                             -0.130610198738476
1.223625000000000                             -0.129540641040682
1.234750000000000                             -0.128401848112248
1.245875000000000                             -0.127194999851272
1.257000000000000                             -0.125921358428051
1.268125000000000                             -0.124582267458608
1.279250000000000                             -0.123179151076428
1.290375000000000                             -0.121713512900497
1.301500000000000                             -0.120186934897691
1.312625000000000                             -0.118601076137582
1.323750000000000                             -0.116957671437910
1.334875000000000                             -0.115258529898745
1.346000000000000                             -0.113505533323810
1.357125000000000                             -0.111700634527067
1.368250000000000                             -0.109845855523204
1.379375000000000                             -0.107943285600370
1.390500000000000                             -0.105995079273849
1.401625000000000                             -0.104003454119419
1.412750000000000                             -0.101970688485265
1.423875000000000                             -0.099899119081447
1.435000000000000                             -0.097791138446161
1.446125000000000                             -0.095649192288116
1.457250000000000                             -0.093475776704596
1.468375000000000                             -0.091273435274993
1.479500000000000                             -0.089044756029762
1.490625000000000                             -0.086792368295056
1.501750000000000                             -0.084518939413460
1.512875000000000                             -0.082227171341662
1.524000000000000                             -0.079919797125980
1.535125000000000                             -0.077599577257189
1.546250000000000                             -0.075269295906143
1.557375000000000                             -0.072931757042335
1.568500000000000                             -0.070589780437568
1.579625000000000                             -0.068246197557480
1.590750000000000                             -0.065903847343998
1.601875000000000                             -0.063565571892043
1.613000000000000                             -0.061234212024487
1.624125000000000                             -0.058912602769433
1.635250000000000                             -0.056603568744650
1.646375000000000                             -0.054309919454071
1.657500000000000                             -0.052034444502139
1.668625000000000                             -0.049779908731766
1.679750000000000                             -0.047549047292441
1.690875000000000                             -0.045344560645534
1.702000000000000                             -0.043169109513875
1.713125000000000                             -0.041025309783775
1.724250000000000                             -0.038915727367637
1.735375000000000                             -0.036842873035936
1.746500000000000                             -0.034809197228018
1.757625000000000                             -0.032817084851205
1.768750000000000                             -0.030868850078638
1.779875000000000                             -0.028966731156380
1.791000000000000                             -0.027112885230977
1.802125000000000                             -0.025309383208916
1.813250000000000                             -0.023558204660174
1.824375000000000                             -0.021861232777986
1.835500000000000                             -0.020220249407936
1.846625000000000                             -0.018636930159334
1.857750000000000                             -0.017112839612614
1.868875000000000                             -0.015649426636557
1.880000000000000                             -0.014248019829733
1.891125000000000                             -0.012909823100623
1.902250000000000                             -0.011635911401421
1.913375000000000                             -0.010427226630488
1.924500000000000                             -0.009284573719099
1.935625000000000                             -0.008208616917894
1.946750000000000                             -0.007199876299013
1.957875000000000                             -0.006258724489825
1.969000000000000                             -0.005385383654578
1.980125000000000                             -0.004579922740071
1.991250000000000                             -0.003842255002063
2.002375000000000                             -0.003172135828655
2.013500000000000                             -0.002569160877466
2.024625000000000                             -0.002032764543243
2.035750000000000                             -0.001562218772481
2.046875000000000                             -0.001156632241952
2.058000000000000                             -0.000814949917862
2.069125000000000                             -0.000535953012270
2.080250000000000                             -0.000318259353800
2.091375000000000                             -0.000160324189115
2.102500000000000                             -0.000060441432100
2.113625000000000                             -0.000016745377444
2.124750000000000                             -0.000027212895374
2.135875000000000                             -0.000089666124277
2.147000000000000                             -0.000201775678023
2.158125000000000                             -0.000361064384807
2.169250000000000                             -0.000564911574335
2.180375000000000                             -0.000810557930357
2.191500000000000                             -0.001095110925553
2.202625000000000                             -0.001415550855926
2.213750000000000                             -0.001768737492207
2.224875000000000                             -0.002151417365530
2.236000000000000                             -0.002560231705464
2.247125000000000                             -0.002991725048216
2.258250000000000                             -0.003442354533561
2.269375000000000                             -0.003908499909138
2.280500000000000                             -0.004386474261267
2.291625000000000                             -0.004872535492041
2.302750000000000                             -0.005362898562523
2.313875000000000                             -0.005853748523090
2.325000000000000                             -0.006341254351735
2.336125000000000                             -0.006821583622680
2.347250000000000                             -0.007290918027403
2.358375000000000                             -0.007745469771550
2.369500000000000                             -0.008181498871796
2.380625000000000                             -0.008595331376970
2.391750000000000                             -0.008983378539311
2.402875000000000                             -0.009342156961768
2.414000000000000                             -0.009668309748207
2.425125000000000                             -0.009958628684349
2.436250000000000                             -0.010210077477267
2.447375000000000                             -0.010419816082596
2.458500000000000                             -0.010585226148287
2.469625000000000                             -0.010703937604775
2.480750000000000                             -0.010773856430905
2.491875000000000                             -0.010793193625785
2.503000000000000                             -0.010760495415515
2.514125000000000                             -0.010674674724110
2.525250000000000                             -0.010535043936530
2.536375000000000                             -0.010341348980579
2.547500000000000                             -0.010093804753555
2.558625000000000                             -0.009793131915769
2.569750000000000                             -0.009440595072394
2.580875000000000                             -0.009038042360088
2.592000000000000                             -0.008587946451823
2.603125000000000                             -0.008093446988037
2.614250000000000                             -0.007558394436559
2.625375000000000                             -0.006987395377073
2.636500000000000                             -0.006385859198161
2.647625000000000                             -0.005760046185332
2.658750000000000                             -0.005117116968677
2.669875000000000                             -0.004465183286453
2.681000000000000                             -0.003813360007360
2.692125000000000                             -0.003171818339300
2.703250000000000                             -0.002551840134956
2.714375000000000                             -0.001965873185415
2.725500000000000                             -0.001427587371955
2.736625000000000                             -0.000951931522294
2.747750000000000                             -0.000555190791700
2.758875000000000                             -0.000255044360713
2.770000000000000                             -0.000070623210671
2.781125000000000                             -0.000022567703674
2.792250000000000                             -0.000133084657876
2.803375000000000                             -0.000426003569703
2.814500000000000                             -0.000926831592762
2.825625000000000                             -0.001662806838745
2.836750000000000                             -0.002662949519973
2.847875000000000                             -0.003958110402905
2.859000000000000                             -0.005581015993402
2.870125000000000                             -0.007566309820967
2.881250000000000                             -0.009950589138004
2.892375000000000                             -0.012772436296817
2.903500000000000                             -0.016072444015186
2.914625000000000                             -0.019893233691554
2.925750000000000                             -0.024279465883121
2.936875000000000                             -0.029277842016777
2.948000000000000                             -0.034937096365501
2.959125000000000                             -0.041307977291214
2.970250000000000                             -0.048443216734436
2.981375000000000                             -0.056397486918885
2.992500000000000                             -0.065227343241497
3.003625000000000                             -0.074991152334460
3.014750000000000                             -0.085749004319315
3.025875000000000                             -0.097562608325376
3.037000000000000                             -0.110495170418329
3.048125000000000                             -0.124611253180911
3.059250000000000                             -0.139976616308304
3.070375000000000                             -0.156658037727628
3.081500000000000                             -0.174723114923670
3.092625000000000                             -0.194240046353261
3.103750000000000                             -0.215277393057183
3.114875000000000                             -0.237903820830411
3.126000000000000                             -0.262187823586865
3.137125000000000                             -0.288197428850856
3.148250000000000                             -0.315999886619946
3.159375000000000                             -0.345661343168350
3.170500000000000                             -0.377246501690178
3.181625000000000                             -0.410818272011607
3.192750000000000                             -0.446437411921442
3.203875000000000                             -0.484162162974254
3.215000000000000                             -0.524047883898653
3.226125000000000                             -0.566146684987395
3.237250000000000                             -0.610507067047355
3.248375000000000                             -0.657173568636125
3.259500000000000                             -0.706186425402302
3.270625000000000                             -0.757581245370397
3.281750000000000                             -0.811388703964462
3.292875000000000                             -0.867634262443692
3.304000000000000                             -0.926337913226874
3.315125000000000                             -0.987513955311975
3.326250000000000                             -1.051170802655517
3.337375000000000                             -1.117310827969364
3.348500000000000                             -1.185930243927956
3.359625000000000                             -1.257019023266843
3.370750000000000                             -1.330560858705086
3.381875000000000                             -1.406533163052186
3.393000000000000                             -1.484907109279451
3.404125000000000                             -1.565647709758773
3.415250000000000                             -1.648713933313383
3.426375000000000                             -1.734058858198897
3.437500000000000                             -1.821629858649419
3.448625000000000                             -1.911368822194762
3.459750000000000                             -2.003212394588511
3.470875000000000                             -2.097092248889100
3.482000000000000                             -2.192935375012408
3.493125000000000                             -2.290664385924511
3.504250000000000                             -2.390197836569010
3.515375000000000                             -2.491450551619959
3.526500000000000                             -2.594333958215838
3.537625000000000                             -2.698756419955646
3.548750000000000                             -2.804623568617848
3.559875000000000                             -2.911838630287658
3.571000000000000                             -3.020302742841051
3.582125000000000                             -3.129915262023430
3.593250000000000                             -3.240574053670251
3.604375000000000                             -3.352175769936848
3.615500000000000                             -3.464616107726730
3.626625000000000                             -3.577790047825594
3.637750000000000                             -3.691592073555396
3.648875000000000                             -3.805916368053331
3.660000000000000                             -3.920656989551547
3.671125000000000                             -4.035708024279403
3.682250000000000                             -4.150963716831251
3.693375000000000                             -4.266318578034725
3.704500000000000                             -4.381667470519365
3.715625000000000                             -4.496905672320734
3.726750000000000                             -4.611928918962438
3.737875000000000                             -4.726633424539336
3.749000000000000                             -4.840915882379030
3.760125000000000                             -4.954673445888518
3.771250000000000                             -5.067803690200355
3.782375000000000                             -5.180204555218189
3.793500000000000                             -5.291774270627996
3.804625000000000                             -5.402411263390384
3.815750000000000                             -5.512014048161530
3.826875000000000                             -5.620481101007554
3.838000000000000                             -5.727710716681273
3.849125000000000                             -5.833600849620328
3.860250000000000                             -5.938048938704227
3.871375000000000                             -6.040951715673709
3.882500000000000                             -6.142204996970333
3.893625000000000                             -6.241703458595332
3.904750000000000                             -6.339340393415791
3.915875000000000                             -6.435007450160669
3.927000000000000                             -6.528594353148128
3.938125000000000                             -6.619988601567277
3.949250000000000                             -6.709075146899725
3.960375000000000                             -6.795736046805235
3.971500000000000                             -6.879850093510004
3.982625000000000                             -6.961292414419050
3.993750000000000                             -7.039934042323493
4.004875000000000                             -7.115641452181839
4.016000000000000                             -7.188276061015793
4.027125000000000                             -7.257693686968497
4.038250000000000                             -7.323743963015847
4.049375000000000                             -7.386269700191335
4.060500000000000                             -7.445106194467379
4.071625000000000                             -7.500080470618302
4.082750000000000                             -7.551010455455357
4.093875000000000                             -7.597704071751872
4.105000000000000                             -7.639958242945553
4.116125000000000                             -7.677557797288012
4.127250000000000                             -7.710274258478434
4.138375000000000                             -7.737864507934140
4.149500000000000                             -7.760069301675506
4.160625000000000                             -7.776611622290448
4.171750000000000                             -7.787194843544717
4.182875000000000                             -7.791500681862425
4.194000000000000                             -7.789186905059047
4.205125000000000                             -7.779884764308681
4.216250000000000                             -7.763196110317483
4.227375000000000                             -7.738690149022553
4.238500000000000                             -7.705899785841607
4.249625000000000                             -7.664317500632381
4.260750000000000                             -7.613390688264677
4.271875000000000                             -7.552516392443984
4.283000000000000                             -7.481035353863435
4.294125000000000                             -7.398225289156567
4.305250000000000                             -7.303293316629530
4.316375000000000                             -7.195367451996879
4.327500000000000                             -7.073487118382205
4.338625000000000                             -6.936592659728822
4.349750000000000                             -6.783513932178730
4.360875000000000                             -6.612958201645872
4.372000000000000                             -6.423497843970381
4.383125000000000                             -6.213558804174351
4.394250000000000                             -5.981411553975521
4.405375000000000                             -5.725167612938304
4.416500000000000                             -5.442786944551514
4.427625000000000                             -5.132105345180805
4.438750000000000                             -4.790897400933130
4.449875000000000                             -4.417001525866495
4.461000000000000                             -4.008552004055122
4.472125000000000                             -3.564393413296738
4.483250000000000                             -3.084801287634245
4.494375000000000                             -2.572703708096478
4.505500000000000                             -2.035681669718162
4.516625000000000                             -1.489058067881375
4.527750000000000                             -0.960156243989944
4.538875000000000                             -0.492833453565509
4.550000000000000                             -0.149063531366943
4.561125000000000                             -0.001388356658365
4.572250000000000                             -0.111509164482242
4.583375000000000                             -0.502604440914632
4.594500000000000                             -1.146802527763050
4.605625000000000                             -1.979897973049650
4.616750000000000                             -2.929209151341594
4.627875000000000                             -3.933748374305026
4.639000000000000                             -4.950606996226738
4.650125000000000                             -5.952793266095235
4.661250000000000                             -6.924473160452335
4.672375000000000                             -7.856507926931656
4.683500000000000                             -8.742901727849715
4.694625000000000                             -9.577675793794990
4.705750000000000                            -10.350833613438263
4.716875000000000                            -11.039693319115569
4.728000000000000                            -11.580275084989292
4.739125000000000                            -11.715139430958917
4.750250000000000                             -8.527034026433789
4.761375000000000                            -17.905661442533429
4.772500000000000                            -16.639980488620424
4.783625000000000                            -16.845111441941679
4.794750000000000                            -17.292946470504440
4.805875000000000                            -17.816012414402785
4.817000000000000                            -18.366524541440135
4.828125000000000                            -18.926146260588080
4.839250000000000                            -19.486645040771112
4.850375000000000                            -20.043992030300679
4.861500000000000                            -20.596140858913010
4.872625000000000                            -21.142064037292947
4.883750000000000                            -21.681289970478321
4.894875000000000                            -22.213662823203748
4.906000000000000                            -22.739210460090934
4.917125000000000                            -23.258068459707321
4.928250000000000                            -23.770434845488296
4.939375000000000                            -24.276542403737494
4.950500000000000                            -24.776641442842482
4.961625000000000                            -25.270988938422015
4.972750000000000                            -25.759841680042570
4.983875000000000                            -26.243451974667749
4.995000000000000                            -26.722065008506341
5.006125000000000                            -27.195917296334969
5.017250000000000                            -27.665235848638744
5.028375000000000                            -28.130237813466138
5.039500000000000                            -28.591130431053390
5.050625000000000                            -29.048111192232110
5.061750000000000                            -29.501368126714944
5.072875000000000                            -29.951080170899154
5.084000000000000                            -30.397417580807783
5.095125000000000                            -30.840542366734624
5.106250000000000                            -31.280608733718690
5.117375000000000                            -31.717763517219332
5.128500000000000                            -32.152146607023198
5.139625000000000                            -32.583891354969083
5.150750000000000                            -33.013124963861216
5.161875000000000                            -33.439968856182176
5.173000000000000                            -33.864539022077487
5.184125000000000                            -34.286946346667115
5.195250000000000                            -34.707296917134428
5.206375000000000                            -35.125692310297978
5.217500000000000                            -35.542229861529250
5.228625000000000                            -35.957002915969078
5.239750000000000                            -36.370101063035001
5.250875000000000                            -36.781610355220394
5.262000000000000                            -37.191613512168054
5.273125000000000                            -37.600190110970438
5.284250000000000                            -38.007416763608234
5.295375000000000                            -38.413367282389757
5.306500000000000                            -38.818112834206467
5.317625000000000                            -39.221722084365226
5.328750000000000                            -39.624261330711121
5.339875000000000                            -40.025794628701988
5.351000000000000                            -40.426383908049857
5.362125000000000                            -40.826089081498552
5.373250000000000                            -41.224968146265162
5.384375000000000                            -41.623077278631555
5.395500000000000                            -42.020470922134166
5.406625000000000                            -42.417201869768995
5.417750000000000                            -42.813321340590250
5.428875000000000                            -43.208879051057359
5.440000000000000                            -43.603923281451749
5.451125000000000                            -43.998500937663877
5.462250000000000                            -44.392657608623693
5.473375000000000                            -44.786437619626696
5.484500000000000                            -45.179884081790860
5.495625000000000                            -45.573038937855081
5.506750000000000                            -45.965943004520433
5.517875000000000                            -46.358636011511564
5.529000000000000                            -46.751156637531267
5.540125000000000                            -47.143542543258249
5.551250000000000                            -47.535830401534824
5.562375000000000                            -47.928055924873888
5.573500000000000                            -48.320253890411173
5.584625000000000                            -48.712458162416738
5.595750000000000                            -49.104701712469151
5.606875000000000                            -49.497016637397230
5.618000000000000                            -49.889434175082449
5.629125000000000                            -50.281984718209088
5.640250000000000                            -50.674697826052338
5.651375000000000                            -51.067602234381994
5.662500000000000                            -51.460725863569451
5.673625000000000                            -51.854095824966883
5.684750000000000                            -52.247738425651100
5.695875000000000                            -52.641679171596110
5.707000000000000                            -53.035942769373001
5.718125000000000                            -53.430553126446434
5.729250000000000                            -53.825533350163653
5.740375000000000                            -54.220905745528754
5.751500000000000                            -54.616691811857947
5.762625000000000                            -55.012912238428996
5.773750000000000                            -55.409586899233361
5.784875000000000                            -55.806734846964964
5.796000000000000                            -56.204374306383002
5.807125000000000                            -56.602522667198315
5.818250000000000                            -57.001196476658642
5.829375000000000                            -57.400411432019673
5.840500000000000                            -57.800182373104853
5.851625000000000                            -58.200523275193341
5.862750000000000                            -58.601447242487254
5.873875000000000                            -59.002966502446185
5.885000000000000                            -59.405092401306447
5.896125000000000                            -59.807835401135932
5.907250000000000                            -60.211205078810941
5.918375000000000                            -60.615210127361472
5.929500000000000                            -61.019858360140695
5.940625000000000                            -61.425156718375192
5.951750000000000                            -61.831111282659059
5.962875000000000                            -62.237727289047349
5.974000000000000                            -62.645009150467061
5.985125000000000                            -63.052960484209720
5.996250000000000                            -63.461584146393051
6.007375000000000                            -63.870882274312983
6.018500000000000                            -64.280856337739309
6.029625000000000                            -64.691507200289337
6.040750000000000                            -65.102835192114554
6.051875000000000                            -65.514840195273138
6.063000000000000                            -65.927521743254744
6.074125000000000                            -66.340879136293580
6.085250000000000                            -66.754911574230633
6.096375000000000                            -67.169618308823232
6.107500000000000                            -67.584998817628559
6.118625000000000                            -68.001053001703511
6.129750000000000                            -68.417781409620005
6.140875000000000                            -68.835185490441688
6.152000000000000                            -69.253267878642703
6.163125000000000                            -69.672032714092637
6.174250000000000                            -70.091486000613642
6.185375000000000                            -70.511636006840988
6.196500000000000                            -70.932493713539131
6.207625000000000                            -71.354073311872185
6.218750000000000                            -71.776392757548692
6.229875000000000                            -72.199474386283796
6.241000000000000                            -72.623345596564832
6.252125000000000                            -73.048039606365435
6.263250000000000                            -73.473596291158316
6.274375000000000                            -73.900063111495996
6.285500000000000                            -74.327496139417775
6.296625000000000                            -74.755961194156214
6.307750000000000                            -75.185535099024733
6.318875000000000                            -75.616307073116801
6.330000000000000                            -76.048380273489101
6.341125000000000                            -76.481873505914862
6.352250000000000                            -76.916923125444669
6.363375000000000                            -77.353685151510462
6.374500000000000                            -77.792337626898131
6.385625000000000                            -78.233083255341839
6.396750000000000                            -78.676152359317186
6.407875000000000                            -79.121806207938818
6.419000000000000                            -79.570340775314861
6.430125000000000                            -80.022091002675424
6.441250000000000                            -80.477435653970204
6.452375000000000                            -80.936802875121202
6.463500000000000                            -81.400676593318408
6.474625000000000                            -81.869603925969784
6.485750000000000                            -82.344203811930697
6.496875000000000                            -82.825177132890317
6.508000000000000                            -83.313318665501697
6.519125000000000                            -83.809531300201513
6.530250000000000                            -84.314843089439364
6.541375000000000                            -84.830427859083244
6.552500000000000                            -85.357630348015562
6.563625000000000                            -85.897997160564984
6.574750000000000                            -86.453315261236554
6.585875000000000                            -87.025660370417043
6.597000000000000                            -87.617458525817113
6.608125000000000                            -88.231565398350469
6.619250000000000                            -88.871369928317492
6.630375000000000                            -89.540931859765692
6.641500000000000                            -90.245167454415011
6.652625000000000                            -90.990105208812253
6.663750000000000                            -91.783245866252997
6.674875000000000                            -92.634082353659281
6.686000000000000                            -93.554873279149277
6.697125000000000                            -94.561834548280856
6.708250000000000                            -95.677053502942869
6.719375000000000                            -96.931724662720598
6.730500000000000                            -98.371979936307952
6.741625000000000                           -100.070294816403461
6.752750000000000                           -102.150418196581768
6.763875000000000                           -104.851237362731581
6.775000000000000                           -108.737366396125907
6.786125000000000                           -115.844698129881778
6.797250000000000                           -127.590915838086062
6.808375000000000                           -112.293071196467139
6.819500000000000                           -107.070426260751773
6.830625000000000                           -103.843097820403273
6.841750000000000                           -101.501659917671518
6.852875000000000                            -99.662409011859012
6.864000000000000                            -98.146515699647878
6.875125000000000                            -96.856020540022158
6.886250000000000                            -95.731427323098160
6.897375000000000                            -94.733897133879680
6.908500000000000                            -93.836685005756124
6.919625000000000                            -93.020599795746421
6.930750000000000                            -92.271412608488305
6.941875000000000                            -91.578289056196098
6.953000000000000                            -90.932795300445918
6.964125000000000                            -90.328242956491366
6.975250000000000                            -89.759243023021682
6.986375000000000                            -89.221393573534797
6.997500000000000                            -88.711055782994436
7.008625000000000                            -88.225189903240405
7.019750000000000                            -87.761232905565379
7.030875000000000                            -87.317005700591736
7.042000000000000                            -86.890641751627300
7.053125000000000                            -86.480531423451737
7.064250000000000                            -86.085278081889797
7.075375000000000                            -85.703663089480315
7.086500000000000                            -85.334617620568579
7.097625000000000                            -84.977199763833966
7.108750000000000                            -84.630575767527034
7.119875000000000                            -84.294004561840538
7.131000000000000                            -83.966824896815695
7.142125000000000                            -83.648444584948010
7.153250000000000                            -83.338331450331879
7.164375000000000                            -83.036005671455626
7.175500000000000                            -82.741033269523129
7.186625000000000                            -82.453020544141381
7.197750000000000                            -82.171609297167862
7.208875000000000                            -81.896472715641607
7.220000000000000                            -81.627311808618941
7.231125000000000                            -81.363852311933584
7.242250000000000                            -81.105841989678225
7.253375000000000                            -80.853048273748982
7.264500000000000                            -80.605256192385198
7.275625000000000                            -80.362266546770684
7.286750000000000                            -80.123894301274277
7.297875000000000                            -79.889967158282658
7.309000000000000                            -79.660324293014980
7.320125000000000                            -79.434815227476562
7.331250000000000                            -79.213298825634439
7.342375000000000                            -78.995642394606804
7.353500000000000                            -78.781720878745233
7.364625000000000                            -78.571416135314820
7.375750000000000                            -78.364616282090495
7.386875000000000                            -78.161215108404235
7.398000000000000                            -77.961111542339580
7.409125000000000                            -77.764209167792671
7.420250000000000                            -77.570415785813182
7.431375000000000                            -77.379643015488270
7.442500000000000                            -77.191805930124076
7.453625000000000                            -77.006822725119179
7.464750000000000                            -76.824614414316628
7.475875000000000                            -76.645104552040038
7.487000000000000                            -76.468218978425583
7.498125000000000                            -76.293885585891459
7.509250000000000                            -76.122034104921610
7.520375000000000                            -75.952595907555875
7.531500000000000                            -75.785503827211471
7.542625000000000                            -75.620691993619289
7.553750000000000                            -75.458095681828780
7.564875000000000                            -75.297651174465841
7.576000000000000                            -75.139295636364011
7.587125000000000                            -74.982967001067237
7.598250000000000                            -74.828603868529243
7.609375000000000                            -74.676145413660478
7.620500000000000                            -74.525531305248222
7.631625000000000                            -74.376701635005332
7.642750000000000                            -74.229596856421736
7.653875000000000                            -74.084157733218504
7.665000000000000                            -73.940325297191777
7.676125000000000                            -73.798040815286527
7.687250000000000                            -73.657245765711480
7.698375000000000                            -73.517881822963972
7.709500000000000                            -73.379890851561427
7.720625000000000                            -73.243214908335702
7.731750000000000                            -73.107796253051646
7.742875000000000                            -72.973577367153013
7.754000000000000                            -72.840500980338504
7.765125000000000                            -72.708510104670268
7.776250000000000                            -72.577548075855987
7.787375000000000                            -72.447558601298837
7.798500000000000                            -72.318485814439782
7.809625000000000                            -72.190274334876847
7.820750000000000                            -72.062869333667848
7.831875000000000                            -71.936216603190886
7.843000000000000                            -71.810262630838679
7.854125000000000                            -71.684954675812534
7.865250000000000                            -71.560240848197225
7.876375000000000                            -71.436070189453091
7.887500000000000                            -71.312392753472949
7.898625000000000                            -71.189159687227615
7.909750000000000                            -71.066323310112821
7.920875000000000                            -70.943837191001776
7.932000000000000                            -70.821656222092940
7.943125000000000                            -70.699736688578767
7.954250000000000                            -70.578036333268699
7.965375000000000                            -70.456514415256848
7.976500000000000                            -70.335131761838397
7.987625000000000                            -70.213850812922004
7.998750000000000                            -70.092635657245467
8.009874999999999                            -69.971452059815164
8.021000000000001                            -69.850267480047364
8.032125000000001                            -69.729051080248027
8.043250000000000                            -69.607773724107616
8.054375000000000                            -69.486407965043952
8.065500000000000                            -69.364928024346767
8.076625000000000                            -69.243309759132813
8.087750000000000                            -69.121530620315980
8.098875000000000                            -68.999569600823662
8.109999999999999                            -68.877407174454504
8.121124999999999                            -68.755025225827993
8.132250000000001                            -68.632406971976650
8.143375000000001                            -68.509536876209623
8.154500000000001                            -68.386400554936245
8.165625000000000                            -68.262984678179080
8.176750000000000                            -68.139276864576928
8.187875000000000                            -68.015265571660734
8.199000000000000                            -67.890939982242230
8.210125000000000                            -67.766289887733095
8.221250000000000                            -67.641305569213444
8.232374999999999                            -67.515977677034812
8.243499999999999                            -67.390297109747749
8.254625000000001                            -67.264254893059174
8.265750000000001                            -67.137842059524345
8.276875000000000                            -67.011049529593706
8.288000000000000                            -66.883867994607499
8.299125000000000                            -66.756287802241346
8.310250000000000                            -66.628298844876895
8.321375000000000                            -66.499890451282710
8.332500000000000                            -66.371051281946436
8.343624999999999                            -66.241769228315036
8.354749999999999                            -66.112031316180691
8.365875000000001                            -65.981823613342598
8.377000000000001                            -65.851131141658939
8.388125000000000                            -65.719937793539756
8.399250000000000                            -65.588226252885562
8.410375000000000                            -65.455977920438016
8.421500000000000                            -65.323172843470516
8.432625000000000                            -65.189789649719131
8.443750000000000                            -65.055805485424813
8.454874999999999                            -64.921195957336920
8.465999999999999                            -64.785935078509482
8.477124999999999                            -64.649995217715812
8.488250000000001                            -64.513347052290371
8.499375000000001                            -64.375959524207872
8.510500000000000                            -64.237799799209711
8.521625000000000                            -64.098833228792046
8.532750000000000                            -63.959023314872347
8.543875000000000                            -63.818331676967716
8.555000000000000                            -63.676718021726757
8.566125000000000                            -63.534140114677491
8.577249999999999                            -63.390553754069494
8.588374999999999                            -63.245912746707596
8.599500000000001                            -63.100168885708463
8.610625000000001                            -62.953271930125936
8.621750000000000                            -62.805169586429443
8.632875000000000                            -62.655807491847327
8.644000000000000                            -62.505129199630154
8.655125000000000                            -62.353076166314167
8.666250000000000                            -62.199587741127942
8.677375000000000                            -62.044601157716990
8.688499999999999                            -61.888051528422551
8.699624999999999                            -61.729871841417257
8.710750000000001                            -61.569992961049387
8.721875000000001                            -61.408343631853441
8.733000000000001                            -61.244850486746792
8.744125000000000                            -61.079438060049760
8.755250000000000                            -60.912028806081445
8.766375000000000                            -60.742543124212361
8.777500000000000                            -60.570899391426337
8.788625000000000                            -60.397014003614380
8.799750000000000                            -60.220801427049309
8.810874999999999                            -60.042174261739028
8.821999999999999                            -59.861043318653017
8.833125000000001                            -59.677317713165991
8.844250000000001                            -59.490904977477669
8.855375000000000                            -59.301711195245865
8.866500000000000                            -59.109641162247058
8.877625000000000                            -58.914598577549455
8.888750000000000                            -58.716486270478157
8.899875000000000                            -58.515206469592144
8.911000000000000                            -58.310661120989394
8.922124999999999                            -58.102752264566526
8.933249999999999                            -57.891382478377913
8.944375000000001                            -57.676455403043292
8.955500000000001                            -57.457876360253451
8.966625000000001                            -57.235553081892760
8.977750000000000                            -57.009396569162043
8.988875000000000                            -56.779322104434485
9.000000000000000                            -56.545250442432405
